[
  [
    2.156,
    5.51,
    7.586,
    9.91,
    12.95,
    15.21,
    17.81,
    19.33,
    19.97,
    20.28,
    20.53,
    20.81,
    20.64,
    20.88,
    21.0,
    20.86,
    21.05,
    20.92,
    21.08,
    21.14,
    21.05,
    21.25,
    21.08,
    21.14,
    21.14,
    21.14,
    21.47,
    21.4,
    21.47,
    21.53,
    21.6,
    21.64,
    21.64,
    21.58,
    21.73,
    21.77,
    21.78,
    21.78,
    21.8,
    21.84,
    21.84,
    21.89,
    21.8,
    21.88,
    21.88,
    21.88,
    21.86,
    21.84,
    21.86,
    21.84,
    21.84,
    21.84,
    21.84,
    21.84,
    21.84,
    21.84,
    21.84,
    21.84,
    21.84,
    21.84,
    21.84,
    21.84,
    21.84,
    21.84,
    21.84,
    21.84,
    21.84,
    21.84,
    21.84,
    21.84,
    21.84,
    21.84,
    21.84,
    21.84,
    21.84,
    21.84,
    21.84,
    21.84,
    21.84,
    21.84,
    21.84,
    21.84,
    21.84,
    21.84,
    21.84,
    21.84,
    21.84,
    21.84,
    21.84,
    21.84,
    21.84,
    21.84,
    21.86,
    21.84,
    21.86,
    21.86,
    21.86,
    21.88,
    21.89,
    21.89,
    21.88,
    21.81,
    21.83,
    21.83,
    21.83,
    21.8,
    21.78,
    21.75,
    21.84,
    21.84,
    21.83,
    21.78,
    21.8,
    21.84,
    21.83,
    21.9,
    21.83,
    21.89,
    21.83,
    21.83
  ],
  [
    5.51,
    2.156,
    5.625,
    7.14,
    9.41,
    12.375,
    14.51,
    16.47,
    18.33,
    19.23,
    19.56,
    20.02,
    19.94,
    20.2,
    20.23,
    20.25,
    20.6,
    20.39,
    20.58,
    20.61,
    20.36,
    20.75,
    20.64,
    20.77,
    20.94,
    20.92,
    21.22,
    21.28,
    21.33,
    21.36,
    21.52,
    21.53,
    21.42,
    21.53,
    21.62,
    21.7,
    21.77,
    21.77,
    21.84,
    21.88,
    21.84,
    21.81,
    21.81,
    21.88,
    21.88,
    21.88,
    21.86,
    21.84,
    21.86,
    21.84,
    21.84,
    21.84,
    21.84,
    21.84,
    21.84,
    21.84,
    21.84,
    21.84,
    21.84,
    21.84,
    21.84,
    21.84,
    21.84,
    21.84,
    21.84,
    21.84,
    21.84,
    21.84,
    21.84,
    21.84,
    21.84,
    21.84,
    21.84,
    21.84,
    21.84,
    21.84,
    21.84,
    21.84,
    21.84,
    21.84,
    21.84,
    21.84,
    21.84,
    21.84,
    21.84,
    21.84,
    21.84,
    21.84,
    21.84,
    21.84,
    21.84,
    21.84,
    21.86,
    21.84,
    21.86,
    21.86,
    21.86,
    21.88,
    21.89,
    21.89,
    21.88,
    21.81,
    21.83,
    21.83,
    21.83,
    21.81,
    21.78,
    21.83,
    21.81,
    21.78,
    21.84,
    21.78,
    21.78,
    21.86,
    21.83,
    21.83,
    21.84,
    21.8,
    21.84,
    21.84
  ],
  [
    7.586,
    5.625,
    2.156,
    5.55,
    7.277,
    9.62,
    12.22,
    14.16,
    16.36,
    17.64,
    18.39,
    18.98,
    19.16,
    19.42,
    19.83,
    19.83,
    19.9,
    19.8,
    20.1,
    20.17,
    20.17,
    20.45,
    20.45,
    20.56,
    20.7,
    20.78,
    21.14,
    21.11,
    21.25,
    21.31,
    21.4,
    21.53,
    21.38,
    21.61,
    21.61,
    21.67,
    21.75,
    21.78,
    21.73,
    21.77,
    21.81,
    21.84,
    21.84,
    21.81,
    21.81,
    21.81,
    21.86,
    21.86,
    21.86,
    21.86,
    21.84,
    21.84,
    21.84,
    21.84,
    21.84,
    21.84,
    21.84,
    21.84,
    21.84,
    21.84,
    21.84,
    21.84,
    21.84,
    21.84,
    21.84,
    21.84,
    21.84,
    21.84,
    21.84,
    21.84,
    21.84,
    21.84,
    21.84,
    21.84,
    21.84,
    21.84,
    21.84,
    21.84,
    21.84,
    21.84,
    21.84,
    21.84,
    21.84,
    21.84,
    21.84,
    21.84,
    21.84,
    21.84,
    21.84,
    21.84,
    21.84,
    21.84,
    21.86,
    21.86,
    21.86,
    21.88,
    21.88,
    21.88,
    21.83,
    21.83,
    21.88,
    21.83,
    21.8,
    21.86,
    21.84,
    21.8,
    21.81,
    21.73,
    21.84,
    21.8,
    21.75,
    21.84,
    21.83,
    21.84,
    21.86,
    21.86,
    21.8,
    21.83,
    21.8,
    21.86
  ],
  [
    9.91,
    7.14,
    5.55,
    2.156,
    5.523,
    7.24,
    9.85,
    12.07,
    14.18,
    15.9,
    17.03,
    17.89,
    18.25,
    18.64,
    19.22,
    19.19,
    19.56,
    19.3,
    19.67,
    19.66,
    19.83,
    20.22,
    20.19,
    20.45,
    20.77,
    20.62,
    21.03,
    21.0,
    21.23,
    21.28,
    21.44,
    21.53,
    21.36,
    21.58,
    21.64,
    21.67,
    21.7,
    21.72,
    21.73,
    21.83,
    21.8,
    21.84,
    21.83,
    21.88,
    21.8,
    21.88,
    21.86,
    21.84,
    21.86,
    21.84,
    21.84,
    21.84,
    21.84,
    21.84,
    21.84,
    21.84,
    21.84,
    21.84,
    21.84,
    21.84,
    21.84,
    21.84,
    21.84,
    21.84,
    21.84,
    21.84,
    21.84,
    21.84,
    21.84,
    21.84,
    21.84,
    21.84,
    21.84,
    21.84,
    21.84,
    21.84,
    21.84,
    21.84,
    21.84,
    21.84,
    21.84,
    21.84,
    21.84,
    21.84,
    21.84,
    21.84,
    21.84,
    21.84,
    21.84,
    21.84,
    21.84,
    21.84,
    21.86,
    21.84,
    21.86,
    21.88,
    21.86,
    21.88,
    21.81,
    21.81,
    21.88,
    21.83,
    21.86,
    21.84,
    21.84,
    21.75,
    21.81,
    21.81,
    21.83,
    21.8,
    21.8,
    21.81,
    21.77,
    21.81,
    21.84,
    21.83,
    21.86,
    21.81,
    21.86,
    21.84
  ],
  [
    12.95,
    9.41,
    7.277,
    5.523,
    2.156,
    5.523,
    7.04,
    9.47,
    11.85,
    13.77,
    15.484,
    16.56,
    17.61,
    17.97,
    18.64,
    18.94,
    19.34,
    19.3,
    19.5,
    19.5,
    19.75,
    20.39,
    20.31,
    20.61,
    20.92,
    20.89,
    21.19,
    21.23,
    21.31,
    21.34,
    21.55,
    21.62,
    21.5,
    21.69,
    21.7,
    21.78,
    21.81,
    21.77,
    21.8,
    21.86,
    21.84,
    21.81,
    21.89,
    21.86,
    21.88,
    21.86,
    21.86,
    21.84,
    21.86,
    21.84,
    21.84,
    21.84,
    21.84,
    21.84,
    21.84,
    21.84,
    21.84,
    21.84,
    21.84,
    21.84,
    21.84,
    21.84,
    21.84,
    21.84,
    21.84,
    21.84,
    21.84,
    21.84,
    21.84,
    21.84,
    21.84,
    21.84,
    21.84,
    21.84,
    21.84,
    21.84,
    21.84,
    21.84,
    21.84,
    21.84,
    21.84,
    21.84,
    21.84,
    21.84,
    21.84,
    21.84,
    21.84,
    21.84,
    21.84,
    21.84,
    21.84,
    21.84,
    21.84,
    21.84,
    21.86,
    21.88,
    21.86,
    21.86,
    21.89,
    21.89,
    21.86,
    21.81,
    21.83,
    21.83,
    21.83,
    21.81,
    21.78,
    21.81,
    21.8,
    21.84,
    21.83,
    21.86,
    21.81,
    21.84,
    21.83,
    21.83,
    21.84,
    21.89,
    21.83,
    21.83
  ],
  [
    15.21,
    12.375,
    9.62,
    7.24,
    5.523,
    2.156,
    5.52,
    7.184,
    9.516,
    11.55,
    13.195,
    14.7,
    16.25,
    16.84,
    18.0,
    18.23,
    18.7,
    18.53,
    18.81,
    18.94,
    19.38,
    19.73,
    19.98,
    20.34,
    20.66,
    20.75,
    21.08,
    21.1,
    21.31,
    21.28,
    21.48,
    21.6,
    21.5,
    21.61,
    21.66,
    21.75,
    21.77,
    21.73,
    21.83,
    21.81,
    21.81,
    21.84,
    21.83,
    21.88,
    21.81,
    21.88,
    21.86,
    21.86,
    21.86,
    21.84,
    21.84,
    21.84,
    21.84,
    21.84,
    21.84,
    21.84,
    21.84,
    21.84,
    21.84,
    21.84,
    21.84,
    21.84,
    21.84,
    21.84,
    21.84,
    21.84,
    21.84,
    21.84,
    21.84,
    21.84,
    21.84,
    21.84,
    21.84,
    21.84,
    21.84,
    21.84,
    21.84,
    21.84,
    21.84,
    21.84,
    21.84,
    21.84,
    21.84,
    21.84,
    21.84,
    21.84,
    21.84,
    21.84,
    21.84,
    21.84,
    21.84,
    21.84,
    21.86,
    21.84,
    21.86,
    21.88,
    21.86,
    21.88,
    21.81,
    21.89,
    21.88,
    21.83,
    21.84,
    21.84,
    21.84,
    21.78,
    21.81,
    21.78,
    21.83,
    21.8,
    21.78,
    21.81,
    21.84,
    21.8,
    21.86,
    21.83,
    21.78,
    21.81,
    21.86,
    21.86
  ],
  [
    17.81,
    14.51,
    12.22,
    9.85,
    7.04,
    5.52,
    2.156,
    5.527,
    7.168,
    9.16,
    11.01,
    12.92,
    14.97,
    15.875,
    17.48,
    17.75,
    18.56,
    18.11,
    18.56,
    18.77,
    19.03,
    19.7,
    19.9,
    20.23,
    20.64,
    20.73,
    21.02,
    21.12,
    21.3,
    21.28,
    21.44,
    21.62,
    21.48,
    21.6,
    21.62,
    21.72,
    21.75,
    21.73,
    21.81,
    21.8,
    21.86,
    21.84,
    21.81,
    21.88,
    21.89,
    21.88,
    21.86,
    21.86,
    21.86,
    21.84,
    21.84,
    21.84,
    21.84,
    21.84,
    21.84,
    21.84,
    21.84,
    21.84,
    21.84,
    21.84,
    21.84,
    21.84,
    21.84,
    21.84,
    21.84,
    21.84,
    21.84,
    21.84,
    21.84,
    21.84,
    21.84,
    21.84,
    21.84,
    21.84,
    21.84,
    21.84,
    21.84,
    21.84,
    21.84,
    21.84,
    21.84,
    21.84,
    21.84,
    21.84,
    21.84,
    21.84,
    21.84,
    21.84,
    21.84,
    21.84,
    21.84,
    21.84,
    21.86,
    21.84,
    21.86,
    21.88,
    21.86,
    21.88,
    21.81,
    21.81,
    21.88,
    21.83,
    21.84,
    21.84,
    21.83,
    21.83,
    21.8,
    21.84,
    21.83,
    21.8,
    21.77,
    21.81,
    21.83,
    21.86,
    21.86,
    21.83,
    21.86,
    21.81,
    21.78,
    21.84
  ],
  [
    19.33,
    16.47,
    14.16,
    12.07,
    9.47,
    7.184,
    5.527,
    2.156,
    5.49,
    7.266,
    9.01,
    10.97,
    13.24,
    14.82,
    16.86,
    17.1,
    18.19,
    17.8,
    18.5,
    18.61,
    19.06,
    19.83,
    19.97,
    20.38,
    20.7,
    20.75,
    21.11,
    21.16,
    21.42,
    21.47,
    21.53,
    21.62,
    21.62,
    21.64,
    21.7,
    21.78,
    21.78,
    21.77,
    21.78,
    21.84,
    21.83,
    21.81,
    21.89,
    21.88,
    21.88,
    21.86,
    21.86,
    21.84,
    21.84,
    21.84,
    21.84,
    21.84,
    21.84,
    21.84,
    21.84,
    21.84,
    21.84,
    21.84,
    21.84,
    21.84,
    21.84,
    21.84,
    21.84,
    21.84,
    21.84,
    21.84,
    21.84,
    21.84,
    21.84,
    21.84,
    21.84,
    21.84,
    21.84,
    21.84,
    21.84,
    21.84,
    21.84,
    21.84,
    21.84,
    21.84,
    21.84,
    21.84,
    21.84,
    21.84,
    21.84,
    21.84,
    21.84,
    21.84,
    21.84,
    21.84,
    21.84,
    21.84,
    21.86,
    21.84,
    21.86,
    21.86,
    21.86,
    21.86,
    21.88,
    21.88,
    21.88,
    21.89,
    21.81,
    21.81,
    21.81,
    21.8,
    21.86,
    21.81,
    21.84,
    21.84,
    21.81,
    21.78,
    21.8,
    21.84,
    21.83,
    21.81,
    21.86,
    21.81,
    21.86,
    21.83
  ],
  [
    19.97,
    18.33,
    16.36,
    14.18,
    11.85,
    9.516,
    7.168,
    5.49,
    2.156,
    5.543,
    6.863,
    9.02,
    11.555,
    13.336,
    15.805,
    16.58,
    17.75,
    17.48,
    18.31,
    18.58,
    18.97,
    19.73,
    20.02,
    20.27,
    20.73,
    20.84,
    21.12,
    21.2,
    21.38,
    21.48,
    21.53,
    21.69,
    21.56,
    21.69,
    21.69,
    21.72,
    21.77,
    21.78,
    21.8,
    21.84,
    21.83,
    21.83,
    21.81,
    21.88,
    21.88,
    21.86,
    21.86,
    21.84,
    21.86,
    21.84,
    21.84,
    21.84,
    21.84,
    21.84,
    21.84,
    21.84,
    21.84,
    21.84,
    21.84,
    21.84,
    21.84,
    21.84,
    21.84,
    21.84,
    21.84,
    21.84,
    21.84,
    21.84,
    21.84,
    21.84,
    21.84,
    21.84,
    21.84,
    21.84,
    21.84,
    21.84,
    21.84,
    21.84,
    21.84,
    21.84,
    21.84,
    21.84,
    21.84,
    21.84,
    21.84,
    21.84,
    21.84,
    21.84,
    21.84,
    21.84,
    21.84,
    21.84,
    21.86,
    21.84,
    21.86,
    21.88,
    21.86,
    21.86,
    21.88,
    21.89,
    21.88,
    21.81,
    21.83,
    21.83,
    21.83,
    21.81,
    21.86,
    21.83,
    21.81,
    21.86,
    21.84,
    21.78,
    21.81,
    21.86,
    21.84,
    21.83,
    21.86,
    21.81,
    21.86,
    21.84
  ],
  [
    20.28,
    19.23,
    17.64,
    15.9,
    13.77,
    11.55,
    9.16,
    7.266,
    5.543,
    2.156,
    4.61,
    7.555,
    9.97,
    11.836,
    14.71,
    15.86,
    17.38,
    17.31,
    18.28,
    18.6,
    19.03,
    19.98,
    20.2,
    20.52,
    20.94,
    21.1,
    21.23,
    21.3,
    21.52,
    21.53,
    21.58,
    21.7,
    21.64,
    21.7,
    21.72,
    21.75,
    21.81,
    21.83,
    21.86,
    21.84,
    21.83,
    21.81,
    21.89,
    21.88,
    21.88,
    21.86,
    21.86,
    21.84,
    21.86,
    21.84,
    21.84,
    21.84,
    21.84,
    21.84,
    21.84,
    21.84,
    21.84,
    21.84,
    21.84,
    21.84,
    21.84,
    21.84,
    21.84,
    21.84,
    21.84,
    21.84,
    21.84,
    21.84,
    21.84,
    21.84,
    21.84,
    21.84,
    21.84,
    21.84,
    21.84,
    21.84,
    21.84,
    21.84,
    21.84,
    21.84,
    21.84,
    21.84,
    21.84,
    21.84,
    21.84,
    21.84,
    21.84,
    21.84,
    21.84,
    21.84,
    21.84,
    21.84,
    21.86,
    21.84,
    21.86,
    21.86,
    21.86,
    21.86,
    21.88,
    21.88,
    21.86,
    21.89,
    21.81,
    21.83,
    21.81,
    21.8,
    21.84,
    21.81,
    21.88,
    21.84,
    21.83,
    21.84,
    21.8,
    21.83,
    21.83,
    21.81,
    21.84,
    21.81,
    21.84,
    21.84
  ],
  [
    20.53,
    19.56,
    18.39,
    17.03,
    15.484,
    13.195,
    11.01,
    9.01,
    6.863,
    4.61,
    2.156,
    4.707,
    7.176,
    9.4,
    12.19,
    13.88,
    15.61,
    16.42,
    17.75,
    18.34,
    18.88,
    20.03,
    20.39,
    20.75,
    21.17,
    21.23,
    21.4,
    21.47,
    21.52,
    21.62,
    21.62,
    21.73,
    21.69,
    21.72,
    21.77,
    21.75,
    21.8,
    21.83,
    21.78,
    21.84,
    21.83,
    21.83,
    21.89,
    21.88,
    21.88,
    21.86,
    21.86,
    21.84,
    21.86,
    21.84,
    21.84,
    21.84,
    21.84,
    21.84,
    21.84,
    21.84,
    21.84,
    21.84,
    21.84,
    21.84,
    21.84,
    21.84,
    21.84,
    21.84,
    21.84,
    21.84,
    21.84,
    21.84,
    21.84,
    21.84,
    21.84,
    21.84,
    21.84,
    21.84,
    21.84,
    21.84,
    21.84,
    21.84,
    21.84,
    21.84,
    21.84,
    21.84,
    21.84,
    21.84,
    21.84,
    21.84,
    21.84,
    21.84,
    21.84,
    21.84,
    21.84,
    21.84,
    21.86,
    21.84,
    21.86,
    21.86,
    21.86,
    21.86,
    21.88,
    21.88,
    21.88,
    21.89,
    21.83,
    21.83,
    21.81,
    21.81,
    21.86,
    21.81,
    21.81,
    21.86,
    21.83,
    21.84,
    21.81,
    21.84,
    21.83,
    21.81,
    21.86,
    21.8,
    21.84,
    21.83
  ],
  [
    20.81,
    20.02,
    18.98,
    17.89,
    16.56,
    14.7,
    12.92,
    10.97,
    9.02,
    7.555,
    4.707,
    2.156,
    5.566,
    7.227,
    9.63,
    11.65,
    13.37,
    14.92,
    16.25,
    17.77,
    18.42,
    19.7,
    20.42,
    20.72,
    21.22,
    21.31,
    21.44,
    21.5,
    21.58,
    21.62,
    21.64,
    21.69,
    21.67,
    21.77,
    21.8,
    21.8,
    21.77,
    21.8,
    21.84,
    21.83,
    21.8,
    21.81,
    21.88,
    21.86,
    21.86,
    21.86,
    21.84,
    21.84,
    21.84,
    21.84,
    21.84,
    21.84,
    21.84,
    21.84,
    21.84,
    21.84,
    21.84,
    21.84,
    21.84,
    21.84,
    21.84,
    21.84,
    21.84,
    21.84,
    21.84,
    21.84,
    21.84,
    21.84,
    21.84,
    21.84,
    21.84,
    21.84,
    21.84,
    21.84,
    21.84,
    21.84,
    21.84,
    21.84,
    21.84,
    21.84,
    21.84,
    21.84,
    21.84,
    21.84,
    21.84,
    21.84,
    21.84,
    21.84,
    21.84,
    21.84,
    21.84,
    21.84,
    21.86,
    21.84,
    21.86,
    21.86,
    21.86,
    21.86,
    21.88,
    21.88,
    21.88,
    21.89,
    21.89,
    21.81,
    21.81,
    21.84,
    21.84,
    21.88,
    21.84,
    21.86,
    21.81,
    21.84,
    21.78,
    21.84,
    21.81,
    21.81,
    21.84,
    21.88,
    21.83,
    21.81
  ],
  [
    20.64,
    19.94,
    19.16,
    18.25,
    17.61,
    16.25,
    14.97,
    13.24,
    11.555,
    9.97,
    7.176,
    5.566,
    2.156,
    5.605,
    7.27,
    9.234,
    11.195,
    13.305,
    15.15,
    17.44,
    18.58,
    20.28,
    20.69,
    21.02,
    21.39,
    21.48,
    21.55,
    21.61,
    21.69,
    21.72,
    21.66,
    21.77,
    21.73,
    21.81,
    21.72,
    21.78,
    21.86,
    21.81,
    21.84,
    21.84,
    21.83,
    21.81,
    21.89,
    21.88,
    21.88,
    21.86,
    21.86,
    21.86,
    21.86,
    21.84,
    21.84,
    21.84,
    21.84,
    21.84,
    21.84,
    21.84,
    21.84,
    21.84,
    21.84,
    21.84,
    21.84,
    21.84,
    21.84,
    21.84,
    21.84,
    21.84,
    21.84,
    21.84,
    21.84,
    21.84,
    21.84,
    21.84,
    21.84,
    21.84,
    21.84,
    21.84,
    21.84,
    21.84,
    21.84,
    21.84,
    21.84,
    21.84,
    21.84,
    21.84,
    21.84,
    21.84,
    21.84,
    21.84,
    21.84,
    21.84,
    21.84,
    21.84,
    21.86,
    21.84,
    21.86,
    21.86,
    21.86,
    21.86,
    21.88,
    21.88,
    21.86,
    21.88,
    21.81,
    21.9,
    21.81,
    21.8,
    21.83,
    21.81,
    21.86,
    21.83,
    21.81,
    21.84,
    21.8,
    21.84,
    21.83,
    21.81,
    21.86,
    21.81,
    21.86,
    21.84
  ],
  [
    20.88,
    20.2,
    19.42,
    18.64,
    17.97,
    16.84,
    15.875,
    14.82,
    13.336,
    11.836,
    9.4,
    7.227,
    5.605,
    2.156,
    5.453,
    7.438,
    9.664,
    11.49,
    13.37,
    16.16,
    17.67,
    19.97,
    20.73,
    21.16,
    21.53,
    21.52,
    21.62,
    21.62,
    21.69,
    21.64,
    21.75,
    21.72,
    21.73,
    21.77,
    21.75,
    21.77,
    21.78,
    21.81,
    21.78,
    21.84,
    21.81,
    21.81,
    21.89,
    21.88,
    21.86,
    21.86,
    21.86,
    21.84,
    21.84,
    21.84,
    21.84,
    21.84,
    21.84,
    21.84,
    21.84,
    21.84,
    21.84,
    21.84,
    21.84,
    21.84,
    21.84,
    21.84,
    21.84,
    21.84,
    21.84,
    21.84,
    21.84,
    21.84,
    21.84,
    21.84,
    21.84,
    21.84,
    21.84,
    21.84,
    21.84,
    21.84,
    21.84,
    21.84,
    21.84,
    21.84,
    21.84,
    21.84,
    21.84,
    21.84,
    21.84,
    21.84,
    21.84,
    21.84,
    21.84,
    21.84,
    21.84,
    21.84,
    21.84,
    21.84,
    21.86,
    21.86,
    21.86,
    21.86,
    21.88,
    21.88,
    21.88,
    21.89,
    21.81,
    21.9,
    21.83,
    21.88,
    21.86,
    21.83,
    21.81,
    21.86,
    21.81,
    21.84,
    21.81,
    21.84,
    21.83,
    21.83,
    21.83,
    21.8,
    21.84,
    21.83
  ],
  [
    21.0,
    20.23,
    19.83,
    19.22,
    18.64,
    18.0,
    17.48,
    16.86,
    15.805,
    14.71,
    12.19,
    9.63,
    7.27,
    5.453,
    2.156,
    5.453,
    6.844,
    9.445,
    11.21,
    14.61,
    16.77,
    19.23,
    20.66,
    21.12,
    21.47,
    21.48,
    21.61,
    21.64,
    21.64,
    21.66,
    21.72,
    21.75,
    21.72,
    21.75,
    21.77,
    21.77,
    21.83,
    21.84,
    21.8,
    21.86,
    21.81,
    21.83,
    21.88,
    21.88,
    21.88,
    21.86,
    21.84,
    21.84,
    21.84,
    21.84,
    21.84,
    21.84,
    21.84,
    21.84,
    21.84,
    21.84,
    21.84,
    21.84,
    21.84,
    21.84,
    21.84,
    21.84,
    21.84,
    21.84,
    21.84,
    21.84,
    21.84,
    21.84,
    21.84,
    21.84,
    21.84,
    21.84,
    21.84,
    21.84,
    21.84,
    21.84,
    21.84,
    21.84,
    21.84,
    21.84,
    21.84,
    21.84,
    21.84,
    21.84,
    21.84,
    21.84,
    21.84,
    21.84,
    21.84,
    21.84,
    21.84,
    21.84,
    21.84,
    21.84,
    21.84,
    21.86,
    21.86,
    21.86,
    21.88,
    21.88,
    21.86,
    21.88,
    21.81,
    21.81,
    21.83,
    21.8,
    21.84,
    21.84,
    21.81,
    21.84,
    21.84,
    21.84,
    21.83,
    21.86,
    21.81,
    21.84,
    21.84,
    21.81,
    21.86,
    21.86
  ],
  [
    20.86,
    20.25,
    19.83,
    19.19,
    18.94,
    18.23,
    17.75,
    17.1,
    16.58,
    15.86,
    13.88,
    11.65,
    9.234,
    7.438,
    5.453,
    2.156,
    5.547,
    7.656,
    10.46,
    13.336,
    16.27,
    19.16,
    21.02,
    21.42,
    21.67,
    21.64,
    21.7,
    21.67,
    21.67,
    21.72,
    21.72,
    21.75,
    21.8,
    21.78,
    21.73,
    21.78,
    21.78,
    21.8,
    21.81,
    21.8,
    21.92,
    21.83,
    21.89,
    21.88,
    21.88,
    21.86,
    21.86,
    21.84,
    21.84,
    21.84,
    21.84,
    21.84,
    21.84,
    21.84,
    21.84,
    21.84,
    21.84,
    21.84,
    21.84,
    21.84,
    21.84,
    21.84,
    21.84,
    21.84,
    21.84,
    21.84,
    21.84,
    21.84,
    21.84,
    21.84,
    21.84,
    21.84,
    21.84,
    21.84,
    21.84,
    21.84,
    21.84,
    21.84,
    21.84,
    21.84,
    21.84,
    21.84,
    21.84,
    21.84,
    21.84,
    21.84,
    21.84,
    21.84,
    21.84,
    21.84,
    21.84,
    21.84,
    21.84,
    21.84,
    21.84,
    21.86,
    21.86,
    21.86,
    21.88,
    21.89,
    21.88,
    21.88,
    21.83,
    21.9,
    21.9,
    21.81,
    21.84,
    21.84,
    21.8,
    21.86,
    21.83,
    21.86,
    21.81,
    21.84,
    21.84,
    21.84,
    21.83,
    21.83,
    21.86,
    21.83
  ],
  [
    21.05,
    20.6,
    19.9,
    19.56,
    19.34,
    18.7,
    18.56,
    18.19,
    17.75,
    17.38,
    15.61,
    13.37,
    11.195,
    9.664,
    6.844,
    5.547,
    2.156,
    5.64,
    6.996,
    10.35,
    13.3,
    15.555,
    19.1,
    20.67,
    21.53,
    21.31,
    21.47,
    21.53,
    21.61,
    21.58,
    21.64,
    21.64,
    21.67,
    21.72,
    21.72,
    21.73,
    21.8,
    21.81,
    21.81,
    21.8,
    21.83,
    21.81,
    21.89,
    21.88,
    21.86,
    21.86,
    21.84,
    21.84,
    21.84,
    21.84,
    21.84,
    21.84,
    21.84,
    21.84,
    21.84,
    21.84,
    21.84,
    21.84,
    21.84,
    21.84,
    21.84,
    21.84,
    21.84,
    21.84,
    21.84,
    21.84,
    21.84,
    21.84,
    21.84,
    21.84,
    21.84,
    21.84,
    21.84,
    21.84,
    21.84,
    21.84,
    21.84,
    21.84,
    21.84,
    21.84,
    21.84,
    21.84,
    21.84,
    21.84,
    21.84,
    21.84,
    21.84,
    21.84,
    21.84,
    21.84,
    21.84,
    21.84,
    21.84,
    21.84,
    21.84,
    21.86,
    21.86,
    21.86,
    21.86,
    21.88,
    21.86,
    21.88,
    21.81,
    21.9,
    21.9,
    21.81,
    21.86,
    21.84,
    21.81,
    21.86,
    21.83,
    21.8,
    21.78,
    21.84,
    21.83,
    21.83,
    21.84,
    21.81,
    21.84,
    21.84
  ],
  [
    20.92,
    20.39,
    19.8,
    19.3,
    19.3,
    18.53,
    18.11,
    17.8,
    17.48,
    17.31,
    16.42,
    14.92,
    13.305,
    11.49,
    9.445,
    7.656,
    5.64,
    2.156,
    5.59,
    7.355,
    11.1,
    13.45,
    16.66,
    19.11,
    20.9,
    20.73,
    21.12,
    21.31,
    21.4,
    21.45,
    21.6,
    21.6,
    21.61,
    21.69,
    21.64,
    21.77,
    21.73,
    21.81,
    21.81,
    21.83,
    21.84,
    21.84,
    21.9,
    21.88,
    21.88,
    21.86,
    21.86,
    21.84,
    21.84,
    21.84,
    21.84,
    21.84,
    21.84,
    21.84,
    21.84,
    21.84,
    21.84,
    21.84,
    21.84,
    21.84,
    21.84,
    21.84,
    21.84,
    21.84,
    21.84,
    21.84,
    21.84,
    21.84,
    21.84,
    21.84,
    21.84,
    21.84,
    21.84,
    21.84,
    21.84,
    21.84,
    21.84,
    21.84,
    21.84,
    21.84,
    21.84,
    21.84,
    21.84,
    21.84,
    21.84,
    21.84,
    21.84,
    21.84,
    21.84,
    21.84,
    21.84,
    21.84,
    21.84,
    21.84,
    21.84,
    21.86,
    21.86,
    21.86,
    21.88,
    21.88,
    21.88,
    21.89,
    21.84,
    21.92,
    21.77,
    21.84,
    21.8,
    21.77,
    21.8,
    21.78,
    21.86,
    21.81,
    21.83,
    21.86,
    21.84,
    21.84,
    21.8,
    21.83,
    21.86,
    21.84
  ],
  [
    21.08,
    20.58,
    20.1,
    19.67,
    19.5,
    18.81,
    18.56,
    18.5,
    18.31,
    18.28,
    17.75,
    16.25,
    15.15,
    13.37,
    11.21,
    10.46,
    6.996,
    5.59,
    2.156,
    5.637,
    7.68,
    9.88,
    13.45,
    15.375,
    18.08,
    18.48,
    19.19,
    20.22,
    20.73,
    21.02,
    21.23,
    21.38,
    21.33,
    21.55,
    21.64,
    21.72,
    21.75,
    21.75,
    21.8,
    21.86,
    21.84,
    21.81,
    21.88,
    21.86,
    21.86,
    21.86,
    21.84,
    21.84,
    21.84,
    21.84,
    21.84,
    21.84,
    21.84,
    21.84,
    21.84,
    21.84,
    21.84,
    21.84,
    21.84,
    21.84,
    21.84,
    21.84,
    21.84,
    21.84,
    21.84,
    21.84,
    21.84,
    21.84,
    21.84,
    21.84,
    21.84,
    21.84,
    21.84,
    21.84,
    21.84,
    21.84,
    21.84,
    21.84,
    21.84,
    21.84,
    21.84,
    21.84,
    21.84,
    21.84,
    21.84,
    21.84,
    21.84,
    21.84,
    21.84,
    21.84,
    21.84,
    21.84,
    21.84,
    21.84,
    21.86,
    21.86,
    21.84,
    21.86,
    21.88,
    21.88,
    21.88,
    21.89,
    21.84,
    21.89,
    21.77,
    21.78,
    21.83,
    21.83,
    21.83,
    21.8,
    21.8,
    21.81,
    21.84,
    21.84,
    21.84,
    21.86,
    21.84,
    21.81,
    21.81,
    21.88
  ],
  [
    21.14,
    20.61,
    20.17,
    19.66,
    19.5,
    18.94,
    18.77,
    18.61,
    18.58,
    18.6,
    18.34,
    17.77,
    17.44,
    16.16,
    14.61,
    13.336,
    10.35,
    7.355,
    5.637,
    2.156,
    5.59,
    7.242,
    9.93,
    12.62,
    14.77,
    15.53,
    16.72,
    18.0,
    19.4,
    20.28,
    20.9,
    21.03,
    21.05,
    21.47,
    21.52,
    21.66,
    21.7,
    21.72,
    21.78,
    21.83,
    21.83,
    21.81,
    21.84,
    21.83,
    21.83,
    21.89,
    21.86,
    21.86,
    21.86,
    21.86,
    21.84,
    21.84,
    21.84,
    21.84,
    21.84,
    21.84,
    21.84,
    21.84,
    21.84,
    21.84,
    21.84,
    21.84,
    21.84,
    21.84,
    21.84,
    21.84,
    21.84,
    21.84,
    21.84,
    21.84,
    21.84,
    21.84,
    21.84,
    21.84,
    21.84,
    21.84,
    21.84,
    21.84,
    21.84,
    21.84,
    21.84,
    21.84,
    21.84,
    21.84,
    21.84,
    21.84,
    21.84,
    21.84,
    21.84,
    21.84,
    21.84,
    21.84,
    21.86,
    21.84,
    21.86,
    21.88,
    21.88,
    21.88,
    21.84,
    21.84,
    21.89,
    21.84,
    21.78,
    21.86,
    21.81,
    21.81,
    21.77,
    21.77,
    21.83,
    21.84,
    21.77,
    21.78,
    21.81,
    21.84,
    21.81,
    21.8,
    21.84,
    21.86,
    21.83,
    21.83
  ],
  [
    21.05,
    20.36,
    20.17,
    19.83,
    19.75,
    19.38,
    19.03,
    19.06,
    18.97,
    19.03,
    18.88,
    18.42,
    18.58,
    17.67,
    16.77,
    16.27,
    13.3,
    11.1,
    7.68,
    5.59,
    2.156,
    5.727,
    7.54,
    9.2,
    11.92,
    13.21,
    14.58,
    16.42,
    18.06,
    19.47,
    20.19,
    20.83,
    20.83,
    21.16,
    21.33,
    21.62,
    21.72,
    21.75,
    21.73,
    21.8,
    21.8,
    21.84,
    21.84,
    21.9,
    21.89,
    21.89,
    21.86,
    21.86,
    21.86,
    21.86,
    21.84,
    21.84,
    21.84,
    21.84,
    21.84,
    21.84,
    21.84,
    21.84,
    21.84,
    21.84,
    21.84,
    21.84,
    21.84,
    21.84,
    21.84,
    21.84,
    21.84,
    21.84,
    21.84,
    21.84,
    21.84,
    21.84,
    21.84,
    21.84,
    21.84,
    21.84,
    21.84,
    21.84,
    21.84,
    21.84,
    21.84,
    21.84,
    21.84,
    21.84,
    21.84,
    21.84,
    21.84,
    21.84,
    21.84,
    21.84,
    21.84,
    21.84,
    21.86,
    21.84,
    21.86,
    21.88,
    21.88,
    21.89,
    21.84,
    21.86,
    21.75,
    21.8,
    21.81,
    21.83,
    21.81,
    21.78,
    21.81,
    21.75,
    21.75,
    21.83,
    21.78,
    21.75,
    21.81,
    21.84,
    21.84,
    21.83,
    21.86,
    21.86,
    21.84,
    21.83
  ],
  [
    21.25,
    20.75,
    20.45,
    20.22,
    20.39,
    19.73,
    19.7,
    19.83,
    19.73,
    19.98,
    20.03,
    19.7,
    20.28,
    19.97,
    19.23,
    19.16,
    15.555,
    13.45,
    9.88,
    7.242,
    5.727,
    2.156,
    5.53,
    7.54,
    9.33,
    10.04,
    11.09,
    12.88,
    14.58,
    16.64,
    18.08,
    19.72,
    18.56,
    19.6,
    21.1,
    21.42,
    21.55,
    21.67,
    21.72,
    21.78,
    21.83,
    21.84,
    21.83,
    21.83,
    21.84,
    21.83,
    21.89,
    21.86,
    21.86,
    21.86,
    21.84,
    21.84,
    21.84,
    21.84,
    21.84,
    21.84,
    21.84,
    21.84,
    21.84,
    21.84,
    21.84,
    21.84,
    21.84,
    21.84,
    21.84,
    21.84,
    21.84,
    21.84,
    21.84,
    21.84,
    21.84,
    21.84,
    21.84,
    21.84,
    21.84,
    21.84,
    21.84,
    21.84,
    21.84,
    21.84,
    21.84,
    21.84,
    21.84,
    21.84,
    21.84,
    21.84,
    21.84,
    21.84,
    21.84,
    21.84,
    21.84,
    21.86,
    21.86,
    21.86,
    21.88,
    21.88,
    21.88,
    21.81,
    21.8,
    21.88,
    21.84,
    21.88,
    21.8,
    21.84,
    21.8,
    21.75,
    21.78,
    21.7,
    21.73,
    21.73,
    21.7,
    21.81,
    21.73,
    21.81,
    21.81,
    21.84,
    21.78,
    21.81,
    21.83,
    21.8
  ],
  [
    21.08,
    20.64,
    20.45,
    20.19,
    20.31,
    19.98,
    19.9,
    19.97,
    20.02,
    20.2,
    20.39,
    20.42,
    20.69,
    20.73,
    20.66,
    21.02,
    19.1,
    16.66,
    13.45,
    9.93,
    7.54,
    5.53,
    2.156,
    5.508,
    6.387,
    7.754,
    9.71,
    11.31,
    13.37,
    15.22,
    17.33,
    18.84,
    18.16,
    19.62,
    20.61,
    21.23,
    21.5,
    21.61,
    21.7,
    21.72,
    21.78,
    21.75,
    21.83,
    21.8,
    21.83,
    21.83,
    21.92,
    21.89,
    21.81,
    21.89,
    21.88,
    21.86,
    21.86,
    21.86,
    21.84,
    21.84,
    21.84,
    21.84,
    21.84,
    21.84,
    21.84,
    21.84,
    21.84,
    21.84,
    21.84,
    21.84,
    21.84,
    21.84,
    21.84,
    21.84,
    21.84,
    21.84,
    21.84,
    21.84,
    21.84,
    21.84,
    21.84,
    21.84,
    21.84,
    21.84,
    21.84,
    21.84,
    21.84,
    21.84,
    21.84,
    21.84,
    21.84,
    21.84,
    21.84,
    21.84,
    21.86,
    21.86,
    21.88,
    21.88,
    21.9,
    21.84,
    21.75,
    21.77,
    21.81,
    21.77,
    21.84,
    21.83,
    21.75,
    21.81,
    21.77,
    21.67,
    21.72,
    21.66,
    21.73,
    21.77,
    21.7,
    21.7,
    21.73,
    21.81,
    21.81,
    21.84,
    21.8,
    21.86,
    21.73,
    21.8
  ],
  [
    21.14,
    20.77,
    20.56,
    20.45,
    20.61,
    20.34,
    20.23,
    20.38,
    20.27,
    20.52,
    20.75,
    20.72,
    21.02,
    21.16,
    21.12,
    21.42,
    20.67,
    19.11,
    15.375,
    12.62,
    9.2,
    7.54,
    5.508,
    2.156,
    5.418,
    7.48,
    8.97,
    10.875,
    12.64,
    14.51,
    16.11,
    18.11,
    17.48,
    18.83,
    20.11,
    21.1,
    21.33,
    21.55,
    21.69,
    21.72,
    21.73,
    21.75,
    21.78,
    21.84,
    21.86,
    21.8,
    21.75,
    21.9,
    21.83,
    21.89,
    21.86,
    21.86,
    21.86,
    21.86,
    21.84,
    21.84,
    21.84,
    21.84,
    21.84,
    21.84,
    21.84,
    21.84,
    21.84,
    21.84,
    21.84,
    21.84,
    21.84,
    21.84,
    21.84,
    21.84,
    21.84,
    21.84,
    21.84,
    21.84,
    21.84,
    21.84,
    21.84,
    21.84,
    21.84,
    21.84,
    21.84,
    21.84,
    21.84,
    21.84,
    21.84,
    21.84,
    21.84,
    21.84,
    21.84,
    21.84,
    21.86,
    21.88,
    21.9,
    21.88,
    21.84,
    21.81,
    21.78,
    21.83,
    21.81,
    21.81,
    21.81,
    21.77,
    21.67,
    21.73,
    21.72,
    21.67,
    21.66,
    21.66,
    21.64,
    21.64,
    21.64,
    21.66,
    21.69,
    21.77,
    21.72,
    21.77,
    21.75,
    21.83,
    21.78,
    21.78
  ],
  [
    21.14,
    20.94,
    20.7,
    20.77,
    20.92,
    20.66,
    20.64,
    20.7,
    20.73,
    20.94,
    21.17,
    21.22,
    21.39,
    21.53,
    21.47,
    21.67,
    21.53,
    20.9,
    18.08,
    14.77,
    11.92,
    9.33,
    6.387,
    5.418,
    2.156,
    5.42,
    7.32,
    8.91,
    10.98,
    12.61,
    14.63,
    16.52,
    15.875,
    17.7,
    19.6,
    20.8,
    21.1,
    21.4,
    21.55,
    21.69,
    21.66,
    21.69,
    21.77,
    21.84,
    21.8,
    21.77,
    21.83,
    21.77,
    21.86,
    21.77,
    21.88,
    21.86,
    21.88,
    21.86,
    21.84,
    21.84,
    21.86,
    21.84,
    21.84,
    21.84,
    21.84,
    21.84,
    21.84,
    21.84,
    21.84,
    21.84,
    21.84,
    21.84,
    21.84,
    21.84,
    21.84,
    21.84,
    21.84,
    21.84,
    21.84,
    21.84,
    21.84,
    21.84,
    21.84,
    21.84,
    21.84,
    21.84,
    21.84,
    21.84,
    21.84,
    21.84,
    21.84,
    21.84,
    21.84,
    21.86,
    21.86,
    21.89,
    21.92,
    21.89,
    21.86,
    21.78,
    21.83,
    21.83,
    21.77,
    21.78,
    21.73,
    21.73,
    21.69,
    21.67,
    21.66,
    21.66,
    21.67,
    21.48,
    21.62,
    21.67,
    21.6,
    21.66,
    21.61,
    21.66,
    21.7,
    21.72,
    21.72,
    21.75,
    21.72,
    21.72
  ],
  [
    21.14,
    20.92,
    20.78,
    20.62,
    20.89,
    20.75,
    20.73,
    20.75,
    20.84,
    21.1,
    21.23,
    21.31,
    21.48,
    21.52,
    21.48,
    21.64,
    21.31,
    20.73,
    18.48,
    15.53,
    13.21,
    10.04,
    7.754,
    7.48,
    5.42,
    2.156,
    5.65,
    6.625,
    8.89,
    10.766,
    13.27,
    14.91,
    14.03,
    16.14,
    18.6,
    20.64,
    20.94,
    21.36,
    21.56,
    21.64,
    21.72,
    21.7,
    21.78,
    21.8,
    21.81,
    21.83,
    21.8,
    21.84,
    21.88,
    21.84,
    21.88,
    21.86,
    21.86,
    21.86,
    21.84,
    21.84,
    21.86,
    21.84,
    21.84,
    21.84,
    21.84,
    21.84,
    21.84,
    21.84,
    21.84,
    21.84,
    21.84,
    21.84,
    21.84,
    21.84,
    21.84,
    21.84,
    21.84,
    21.84,
    21.84,
    21.84,
    21.84,
    21.84,
    21.84,
    21.84,
    21.84,
    21.84,
    21.84,
    21.84,
    21.84,
    21.84,
    21.84,
    21.84,
    21.84,
    21.84,
    21.86,
    21.88,
    21.9,
    21.88,
    21.84,
    21.78,
    21.81,
    21.83,
    21.78,
    21.73,
    21.8,
    21.73,
    21.72,
    21.75,
    21.67,
    21.61,
    21.69,
    21.48,
    21.61,
    21.64,
    21.53,
    21.64,
    21.62,
    21.7,
    21.69,
    21.72,
    21.66,
    21.83,
    21.72,
    21.8
  ],
  [
    21.47,
    21.22,
    21.14,
    21.03,
    21.19,
    21.08,
    21.02,
    21.11,
    21.12,
    21.23,
    21.4,
    21.44,
    21.55,
    21.62,
    21.61,
    21.7,
    21.47,
    21.12,
    19.19,
    16.72,
    14.58,
    11.09,
    9.71,
    8.97,
    7.32,
    5.65,
    2.156,
    4.633,
    6.42,
    9.45,
    11.57,
    13.47,
    11.93,
    13.92,
    16.84,
    19.4,
    20.33,
    21.17,
    21.4,
    21.53,
    21.7,
    21.73,
    21.8,
    21.83,
    21.81,
    21.77,
    21.81,
    21.84,
    21.88,
    21.84,
    21.88,
    21.86,
    21.86,
    21.86,
    21.86,
    21.84,
    21.86,
    21.84,
    21.84,
    21.84,
    21.84,
    21.84,
    21.84,
    21.84,
    21.84,
    21.84,
    21.84,
    21.84,
    21.84,
    21.84,
    21.84,
    21.84,
    21.84,
    21.84,
    21.84,
    21.84,
    21.84,
    21.84,
    21.84,
    21.84,
    21.84,
    21.84,
    21.84,
    21.84,
    21.84,
    21.84,
    21.84,
    21.84,
    21.84,
    21.86,
    21.86,
    21.88,
    21.84,
    21.88,
    21.84,
    21.84,
    21.81,
    21.84,
    21.8,
    21.75,
    21.8,
    21.77,
    21.7,
    21.7,
    21.67,
    21.52,
    21.62,
    21.44,
    21.58,
    21.66,
    21.5,
    21.6,
    21.62,
    21.72,
    21.67,
    21.78,
    21.72,
    21.75,
    21.7,
    21.7
  ],
  [
    21.4,
    21.28,
    21.11,
    21.0,
    21.23,
    21.1,
    21.12,
    21.16,
    21.2,
    21.3,
    21.47,
    21.5,
    21.61,
    21.62,
    21.64,
    21.67,
    21.53,
    21.31,
    20.22,
    18.0,
    16.42,
    12.88,
    11.31,
    10.875,
    8.91,
    6.625,
    4.633,
    2.156,
    4.777,
    7.035,
    10.055,
    11.36,
    9.78,
    12.7,
    15.266,
    18.2,
    19.14,
    20.69,
    21.2,
    21.5,
    21.61,
    21.77,
    21.75,
    21.81,
    21.86,
    21.86,
    21.83,
    21.84,
    21.86,
    21.88,
    21.89,
    21.86,
    21.88,
    21.88,
    21.86,
    21.84,
    21.86,
    21.84,
    21.84,
    21.84,
    21.84,
    21.84,
    21.84,
    21.84,
    21.84,
    21.84,
    21.84,
    21.84,
    21.84,
    21.84,
    21.84,
    21.84,
    21.84,
    21.84,
    21.84,
    21.84,
    21.84,
    21.84,
    21.84,
    21.84,
    21.84,
    21.84,
    21.84,
    21.84,
    21.84,
    21.84,
    21.86,
    21.84,
    21.84,
    21.86,
    21.86,
    21.81,
    21.92,
    21.89,
    21.84,
    21.86,
    21.83,
    21.86,
    21.8,
    21.75,
    21.73,
    21.8,
    21.66,
    21.69,
    21.69,
    21.55,
    21.58,
    21.47,
    21.48,
    21.61,
    21.48,
    21.56,
    21.58,
    21.7,
    21.75,
    21.81,
    21.72,
    21.8,
    21.72,
    21.72
  ],
  [
    21.47,
    21.33,
    21.25,
    21.23,
    21.31,
    21.31,
    21.3,
    21.42,
    21.38,
    21.52,
    21.52,
    21.58,
    21.69,
    21.69,
    21.64,
    21.67,
    21.61,
    21.4,
    20.73,
    19.4,
    18.06,
    14.58,
    13.37,
    12.64,
    10.98,
    8.89,
    6.42,
    4.777,
    2.156,
    5.66,
    7.535,
    9.086,
    7.11,
    9.28,
    12.68,
    15.5,
    17.16,
    19.73,
    20.95,
    21.4,
    21.66,
    21.78,
    21.78,
    21.78,
    21.84,
    21.81,
    21.83,
    21.84,
    21.83,
    21.83,
    21.88,
    21.86,
    21.86,
    21.86,
    21.84,
    21.84,
    21.84,
    21.84,
    21.84,
    21.84,
    21.84,
    21.84,
    21.84,
    21.84,
    21.84,
    21.84,
    21.84,
    21.84,
    21.84,
    21.84,
    21.84,
    21.84,
    21.84,
    21.84,
    21.84,
    21.84,
    21.84,
    21.84,
    21.84,
    21.84,
    21.84,
    21.84,
    21.84,
    21.84,
    21.84,
    21.84,
    21.84,
    21.84,
    21.84,
    21.84,
    21.86,
    21.88,
    21.81,
    21.88,
    21.83,
    21.84,
    21.83,
    21.86,
    21.83,
    21.81,
    21.77,
    21.77,
    21.7,
    21.69,
    21.69,
    21.61,
    21.52,
    21.44,
    21.56,
    21.6,
    21.44,
    21.47,
    21.55,
    21.62,
    21.73,
    21.73,
    21.66,
    21.78,
    21.75,
    21.72
  ],
  [
    21.53,
    21.36,
    21.31,
    21.28,
    21.34,
    21.28,
    21.28,
    21.47,
    21.48,
    21.53,
    21.62,
    21.62,
    21.72,
    21.64,
    21.66,
    21.72,
    21.58,
    21.45,
    21.02,
    20.28,
    19.47,
    16.64,
    15.22,
    14.51,
    12.61,
    10.766,
    9.45,
    7.035,
    5.66,
    2.156,
    5.543,
    6.008,
    6.188,
    8.94,
    10.555,
    14.03,
    15.17,
    17.78,
    20.34,
    21.16,
    21.56,
    21.7,
    21.8,
    21.83,
    21.83,
    21.8,
    21.83,
    21.84,
    21.86,
    21.86,
    21.89,
    21.86,
    21.86,
    21.88,
    21.86,
    21.84,
    21.86,
    21.84,
    21.84,
    21.84,
    21.84,
    21.84,
    21.84,
    21.84,
    21.84,
    21.84,
    21.84,
    21.84,
    21.84,
    21.84,
    21.84,
    21.84,
    21.84,
    21.84,
    21.84,
    21.84,
    21.84,
    21.84,
    21.84,
    21.84,
    21.84,
    21.84,
    21.84,
    21.84,
    21.84,
    21.84,
    21.84,
    21.84,
    21.84,
    21.84,
    21.88,
    21.9,
    21.81,
    21.89,
    21.86,
    21.83,
    21.84,
    21.86,
    21.81,
    21.81,
    21.78,
    21.73,
    21.69,
    21.69,
    21.69,
    21.5,
    21.45,
    21.39,
    21.42,
    21.5,
    21.36,
    21.5,
    21.23,
    21.58,
    21.62,
    21.7,
    21.73,
    21.72,
    21.72,
    21.69
  ],
  [
    21.6,
    21.52,
    21.4,
    21.44,
    21.55,
    21.48,
    21.44,
    21.53,
    21.53,
    21.58,
    21.62,
    21.64,
    21.66,
    21.75,
    21.72,
    21.72,
    21.64,
    21.6,
    21.23,
    20.9,
    20.19,
    18.08,
    17.33,
    16.11,
    14.63,
    13.27,
    11.57,
    10.055,
    7.535,
    5.543,
    2.156,
    5.51,
    6.76,
    6.844,
    8.86,
    12.414,
    14.164,
    16.61,
    19.48,
    20.97,
